12
0
0
0
0
0
0
0
0
0
0
0
0
0
0
0
0
0
0
0
0
0
0
0
0
0
0
0
1
1
1
1
2
2
2
2
3
3
3
3
3
3
3
3
3
3
3
3
3
3
3
3
3
3
3
3
3
3
3
3
3
3
3
3
3
3
3
3
3
3
3
3
3
3
3
3
3
3
3
3
3
3
3
3
3
3
3
3
3
3
3
1
26
1
26
26
1
26
1
26
1
5
5
5
5
5
5
6
6
6
7
7
7
1
1
1
1
1
26
26
1
1
19
11
11
11
11
11
11
11
11
11
11
11
11
11
11
1
1
1
1
1
13
13
13
13
13
13
13
13
13
13
13
13
13
13
13
13
13
13
13
13
13
13
13
13
13
13
13
13
13
13
13
13
17
15
15
17
22
15
17
9
17
15
15
22
17
15
15
17
17
15
15
15
15
15
15
15
15
15
15
15
15
15
15
15
15
15
15
15
15
15
26
26
26
26
26
26
26
26
26
26
26
26
26
26
26
26
26
26
26
26
26
26
26
26
26
26
26
26
26
26
26
17
17
17
18
18
18
18
18
18
18
19
19
19
19
19
20
20
20
20
20
20
20
20
20
20
20
26
26
26
26
22
22
22
22
22
22
23
23
23
23
23
23
23
23
23
23
23
23
24
24
24
24
24
24
24
24
24
24
24
24
24
24
24
24
24
24
26
