0
27
27
27
27
27
27
27
5
27
27
27
27
27
27
27
27
27
27
27
27
27
27
27
27
27
8
17
27
27
27
27
17
0
27
27
8
27
27
27
27
27
27
27
27
17
27
27
27
27
17
27
27
27
27
27
0
27
0
27
27
0
27
25
27
27
27
27
27
27
27
27
27
0
17
27
27
27
27
27
0
0
27
27
27
27
0
0
27
27
27
27
27
27
27
27
27
27
27
9
27
27
27
27
9
27
27
0
17
17
27
0
17
0
0
27
27
27
27
5
27
27
25
27
27
27
27
27
5
27
25
27
14
27
27
5
27
32
32
27
32
27
27
27
27
27
27
27
27
27
27
27
27
27
27
27
27
27
17
27
27
27
8
27
27
14
27
27
5
27
27
14
27
27
27
27
27
27
27
27
8
27
27
14
27
17
27
27
17
27
27
14
27
27
17
17
27
17
27
27
27
27
0
27
0
27
27
27
27
27
27
27
27
27
27
27
27
27
27
27
27
27
27
27
4
27
27
27
27
27
0
27
27
27
27
27
27
27
27
27
27
27
27
27
27
27
27
27
27
27
27
27
27
27
27
27
27
27
0
27
27
27
27
27
27
27
27
27
