2
0
6
6
6
6
6
6
6
4
4
6
6
6
3
3
3
3
3
3
23
23
23
23
23
23
23
6
6
6
4
6
5
5
5
5
5
5
5
5
5
5
5
5
5
6
6
6
6
6
6
6
6
6
6
6
7
7
7
7
7
7
8
8
8
8
8
8
8
8
8
8
9
9
9
9
9
9
10
10
10
46
46
11
15
15
15
15
15
15
15
12
15
13
15
15
15
15
15
15
15
15
15
15
15
15
33
14
14
14
14
15
15
15
15
15
15
15
15
15
15
15
15
15
15
15
15
15
15
15
16
46
17
17
17
17
17
17
17
17
17
18
18
18
18
19
19
19
19
19
19
19
19
19
19
19
19
19
19
19
19
19
19
19
19
20
6
6
20
20
6
6
6
6
6
6
21
21
21
21
21
21
21
21
21
21
21
21
21
21
21
21
21
21
27
27
27
27
27
23
23
23
23
23
23
24
24
24
24
24
25
25
1
25
1
1
1
1
25
26
26
26
26
26
26
26
26
26
26
26
26
26
26
26
26
29
29
28
28
29
29
28
29
28
29
29
28
29
29
28
29
29
29
29
29
29
29
29
29
29
29
29
29
29
29
29
29
29
30
30
30
30
30
30
30
30
29
29
29
30
30
30
30
30
30
30
30
18
30
18
18
31
31
18
31
18
31
18
10
31
31
18
32
32
32
32
32
32
32
32
32
32
32
32
32
32
32
32
32
32
33
32
33
33
33
33
33
33
33
33
34
34
34
34
34
34
34
34
34
34
34
34
34
34
34
37
18
18
18
37
18
18
18
18
18
18
18
18
18
18
18
18
37
36
37
37
18
18
18
18
37
18
37
18
38
38
38
38
38
38
38
38
38
38
38
33
38
38
33
33
39
39
39
39
39
39
39
39
39
39
39
39
39
39
39
39
39
39
39
39
39
18
40
18
40
18
40
18
18
18
18
2
46
