47
34
0
0
0
0
1
1
1
1
1
1
2
2
2
2
2
2
2
2
2
3
3
3
3
3
3
4
4
4
5
5
5
5
5
6
6
6
6
6
6
6
6
6
6
6
7
7
7
7
7
7
17
17
17
17
17
17
10
10
10
10
10
10
11
11
11
11
11
11
11
11
11
11
11
11
11
11
11
11
11
11
11
11
11
11
11
12
12
12
12
12
12
13
13
13
13
13
13
13
13
13
13
14
14
14
14
14
14
14
15
15
15
15
15
16
16
16
16
16
16
16
17
17
17
17
17
17
17
17
19
19
19
19
19
19
19
19
19
20
20
20
20
15
20
20
15
15
20
20
17
17
17
17
17
17
17
22
22
22
22
22
22
22
23
23
23
23
24
24
24
24
24
25
25
25
28
25
25
25
28
28
15
15
15
15
15
15
15
15
15
15
15
15
15
15
15
15
15
15
15
15
15
15
15
15
15
15
15
15
15
15
15
15
15
15
15
55
29
29
29
29
29
29
29
29
29
29
30
30
30
46
0
0
0
15
15
33
33
33
34
34
34
35
35
35
35
43
43
43
43
43
43
43
43
43
43
43
43
43
43
43
43
43
43
43
43
43
43
17
40
40
40
40
40
41
41
0
0
0
44
44
44
17
17
0
0
46
46
0
48
48
48
48
48
48
48
48
48
40
48
46
48
48
48
15
15
15
15
15
15
15
15
15
15
15
52
52
52
52
52
52
52
52
0
53
55
55
4
22
55
