15
0
0
0
0
0
0
0
0
0
0
0
0
0
0
0
0
0
0
1
1
1
2
2
2
2
2
2
2
2
2
2
2
2
2
1
3
3
3
3
3
3
3
3
3
3
3
3
3
3
3
3
3
3
3
3
3
3
3
3
3
3
3
3
3
3
3
3
3
3
3
3
3
3
3
3
3
3
3
3
3
3
3
3
3
3
3
3
3
3
3
3
3
3
3
1
1
1
1
1
1
1
1
1
20
20
1
20
1
1
1
1
1
1
20
1
1
1
1
1
1
1
1
20
1
1
1
20
1
20
1
1
1
1
1
1
1
20
1
1
20
1
20
1
1
20
1
20
20
1
1
1
20
1
1
1
20
20
20
1
20
1
1
1
1
1
20
20
1
1
1
1
1
1
20
1
1
1
1
1
1
1
1
1
5
6
6
6
6
6
6
6
6
6
6
7
7
7
7
7
7
7
7
7
7
7
7
7
7
7
7
7
7
7
7
1
1
1
1
1
1
1
1
1
1
1
1
1
7
9
9
1
1
1
1
1
1
1
1
1
1
1
1
1
1
1
1
1
1
1
1
7
7
7
7
7
7
7
7
7
13
7
7
7
7
7
7
7
7
7
7
7
7
7
7
7
7
7
7
7
7
7
7
7
7
7
7
7
7
7
13
11
13
13
16
13
17
17
17
17
17
17
17
17
14
15
15
15
15
15
1
1
1
1
1
1
1
1
1
1
15
12
20
15
15
15
15
20
15
20
15
15
15
15
20
15
16
15
15
15
1
1
1
1
1
1
1
1
1
1
1
1
17
7
14
14
14
14
17
17
14
14
14
14
17
14
17
7
17
17
17
17
1
1
1
1
1
1
1
1
1
1
1
1
1
1
1
15
20
