67
67
67
67
67
67
67
67
67
67
0
0
0
0
64
0
19
0
0
19
0
0
0
64
67
0
0
0
0
42
42
0
0
0
0
67
0
0
67
67
67
67
0
0
0
0
0
0
0
36
23
0
67
67
0
0
67
67
67
67
67
67
67
67
67
67
67
67
67
67
67
0
67
67
67
67
67
67
67
67
67
67
67
67
67
67
67
67
0
67
0
0
67
62
67
67
75
75
67
67
67
67
0
67
67
67
67
61
67
67
67
67
69
67
67
67
67
67
67
67
67
67
67
67
67
67
67
67
75
67
67
67
67
67
67
67
67
67
67
67
67
67
0
67
67
20
67
67
67
67
67
67
67
67
67
12
67
19
67
19
67
67
67
67
67
67
67
67
67
67
67
67
67
67
67
67
0
67
67
67
75
67
67
67
0
82
19
0
67
67
67
67
67
67
67
67
67
67
67
0
67
67
0
67
67
67
67
67
67
67
0
67
67
67
67
67
67
12
67
67
67
67
67
67
67
67
67
67
67
67
67
67
67
67
67
67
67
67
67
67
67
67
67
67
67
0
67
0
67
67
67
67
67
67
67
67
67
67
67
67
67
0
22
67
22
67
67
67
67
67
67
67
0
67
67
67
67
67
67
67
67
67
67
67
0
67
67
67
67
67
67
67
67
67
67
67
67
67
0
67
67
67
67
67
67
67
67
22
67
0
67
19
67
67
67
67
67
67
67
67
67
67
67
67
20
67
67
67
67
67
67
67
67
67
67
67
67
67
67
67
67
67
12
67
67
67
67
67
67
67
67
67
67
67
67
67
50
67
67
67
67
67
67
67
67
67
67
67
67
67
67
67
67
67
67
67
67
67
67
67
67
67
67
67
67
67
67
67
12
12
67
12
62
67
