0
43
0
0
1
1
1
1
1
47
47
47
47
47
1
47
47
47
4
4
47
38
0
38
17
38
5
47
47
47
9
0
71
8
71
71
38
45
38
38
71
38
38
38
71
13
13
13
13
13
13
13
13
13
23
4
4
4
4
4
4
4
4
4
4
4
14
14
14
14
14
4
14
14
17
4
4
17
17
17
16
16
16
17
18
18
18
18
18
18
18
18
18
18
19
19
19
47
19
19
19
19
22
22
22
22
22
23
23
47
47
25
25
25
26
26
26
27
27
27
70
29
29
29
30
30
30
70
70
70
70
33
33
33
33
33
33
33
33
35
35
35
35
35
36
36
47
47
47
67
67
47
47
47
47
47
47
47
47
47
47
47
38
38
38
47
38
71
44
42
56
56
56
56
44
45
47
47
47
67
47
47
47
47
47
47
47
47
47
45
49
49
49
50
50
50
50
50
50
51
51
51
51
51
51
53
53
53
56
47
56
56
56
56
56
56
56
56
56
56
56
56
53
47
47
47
47
47
74
11
74
47
47
47
47
47
47
47
47
47
37
77
69
69
37
69
67
56
56
56
56
56
0
0
0
47
67
47
71
71
71
71
71
71
71
76
76
64
76
76
73
73
73
73
74
74
74
74
73
73
74
74
73
73
76
76
76
76
76
76
76
76
56
56
56
56
56
77
56
77
56
56
77
77
78
78
78
78
78
78
78
79
79
23
23
23
23
23
81
47
0
0
81
81
81
81
0
0
47
0
88
56
56
56
56
56
56
56
56
56
56
56
47
47
47
38
38
38
38
38
38
38
47
91
88
47
