65
65
65
65
65
65
65
65
65
65
65
65
65
65
65
65
65
65
65
0
65
65
65
65
65
65
65
65
65
65
65
65
65
65
65
65
65
65
0
65
65
65
0
0
65
65
65
65
65
65
65
65
65
65
65
65
0
65
65
65
65
65
65
65
65
65
65
65
65
65
65
65
65
65
65
65
65
65
65
0
65
65
65
65
65
65
65
65
65
65
65
65
65
65
65
65
65
65
65
65
65
65
65
65
65
65
65
65
65
65
65
65
65
65
65
65
65
65
65
65
65
65
65
65
65
65
65
65
65
65
65
65
65
65
65
65
65
65
65
65
65
65
65
65
65
0
65
65
65
65
65
65
65
65
65
65
65
65
65
65
65
65
65
65
65
65
65
65
65
65
65
65
65
65
65
65
65
65
65
65
65
65
65
65
0
65
65
65
65
65
65
65
0
0
0
65
65
65
0
65
65
65
65
65
65
65
65
65
65
65
65
65
65
65
36
65
65
65
65
0
65
65
65
26
65
65
65
65
65
65
65
65
65
65
65
65
65
65
65
65
65
65
65
65
65
65
65
65
65
65
65
65
65
65
65
65
65
65
65
65
65
65
65
65
65
0
0
65
65
65
65
65
65
65
65
65
65
65
65
65
0
65
25
65
65
65
65
65
65
65
65
65
65
48
65
65
65
65
65
65
65
65
65
65
65
65
65
65
65
65
65
65
65
65
65
65
65
65
65
65
65
65
65
65
65
65
65
65
65
65
65
65
65
65
65
65
65
65
65
65
65
65
65
65
65
65
65
65
65
65
65
65
65
65
65
65
65
65
65
65
65
65
65
65
65
65
65
65
65
65
65
65
65
65
65
65
65
65
65
65
65
65
65
65
65
65
65
65
65
65
2
65
65
39
65
65
