8
8
8
8
8
8
8
8
8
8
8
8
8
8
8
8
8
8
8
8
8
8
8
8
8
185
8
58
180
8
8
8
8
8
8
8
8
8
8
8
8
8
8
8
8
8
8
8
8
8
8
8
8
8
8
78
8
46
8
8
8
190
8
8
8
8
8
8
8
8
8
8
8
8
8
8
8
8
8
8
8
8
8
8
8
8
8
8
8
8
8
8
8
8
91
8
8
8
8
8
8
8
8
8
8
8
8
8
8
8
8
8
8
8
8
8
8
8
8
8
8
8
8
8
8
8
8
8
8
8
8
8
8
8
8
8
8
8
8
8
8
8
8
8
8
8
8
8
8
8
8
8
8
8
8
8
8
8
8
8
8
89
58
8
8
8
8
8
8
8
8
8
8
8
0
8
8
8
8
8
8
8
8
8
8
8
8
8
8
8
8
8
8
8
8
8
8
8
0
8
8
8
8
8
8
8
8
8
8
8
185
120
8
8
185
74
142
8
8
8
8
8
8
8
8
8
8
142
21
8
8
8
8
8
8
8
8
8
8
8
8
8
8
8
8
8
8
8
190
8
8
8
8
8
8
8
8
8
121
8
8
8
8
8
8
8
8
8
8
8
8
8
8
8
8
8
8
8
8
8
0
8
8
8
8
8
8
134
8
8
8
8
8
8
8
8
0
8
8
8
8
77
8
8
8
8
8
8
8
8
8
8
8
8
8
8
8
8
8
8
8
8
8
8
8
8
8
8
8
8
8
43
134
8
166
8
186
34
185
186
186
0
0
8
8
8
8
8
8
8
8
8
8
8
8
43
8
134
134
8
8
8
8
8
8
8
8
8
8
8
8
0
8
8
8
8
8
8
8
8
106
8
8
8
8
8
8
8
8
8
8
8
8
8
8
8
168
8
8
8
8
8
8
8
8
8
8
8
8
8
8
8
8
36
8
8
8
8
8
8
8
8
8
8
8
8
8
8
8
8
8
8
8
8
8
8
8
8
8
8
8
8
8
8
8
8
8
8
8
8
8
8
8
8
8
8
8
8
8
8
8
8
8
8
8
8
8
8
8
8
8
8
8
8
8
8
8
8
8
8
8
8
8
8
8
8
8
8
8
8
8
8
8
8
8
8
8
8
8
8
8
8
8
8
8
8
8
8
8
8
8
8
8
8
8
8
8
8
8
8
8
8
8
8
8
8
8
8
8
8
8
8
8
8
8
8
8
8
8
8
8
8
8
8
8
8
8
8
8
8
8
8
8
8
8
8
8
8
8
8
8
8
8
8
8
8
8
8
8
8
8
8
8
8
8
8
8
8
8
8
8
8
8
8
8
8
8
8
8
8
8
8
8
8
8
8
8
0
8
8
8
8
8
8
8
8
8
8
8
8
8
8
8
8
8
8
8
8
8
8
8
8
8
8
8
8
8
8
8
8
8
8
8
8
8
8
8
8
8
171
8
8
8
8
8
8
8
8
8
8
8
8
8
8
8
8
8
0
8
8
8
8
8
8
8
8
8
8
8
8
8
8
8
8
8
8
173
8
8
8
8
8
8
8
8
8
8
8
8
0
8
8
8
8
8
8
8
8
8
8
8
8
186
8
186
8
8
8
8
8
8
8
8
8
8
214
0
8
8
8
8
144
0
8
8
76
8
8
8
74
209
134
76
8
8
8
186
8
8
8
8
8
8
186
58
8
8
8
186
8
186
8
8
8
8
8
99
8
8
8
8
8
8
192
186
0
8
8
114
0
8
8
8
8
8
8
76
8
8
8
8
8
8
8
8
166
144
36
0
8
186
8
8
8
8
25
185
8
8
8
34
185
8
8
8
8
8
8
8
8
8
185
8
214
47
180
88
8
144
134
8
8
8
8
8
8
8
8
8
