15
0
1
1
1
1
1
1
1
2
2
2
2
2
2
2
2
4
4
4
4
4
4
4
4
4
4
4
4
4
4
4
4
4
4
4
4
4
4
4
4
4
4
4
4
24
24
24
24
24
24
24
24
24
24
24
24
39
24
24
24
24
24
24
24
24
24
5
6
6
6
5
6
24
6
5
10
6
6
10
5
10
10
6
6
24
24
24
24
6
24
24
24
24
6
24
24
24
24
24
24
24
6
6
24
6
24
6
6
10
10
6
10
10
10
10
24
10
10
10
26
7
6
7
26
7
26
16
16
8
16
16
16
16
16
16
8
16
8
6
10
9
9
9
9
9
9
9
9
9
16
8
8
16
9
9
9
26
10
10
10
26
9
9
9
9
9
9
24
9
10
24
24
24
10
11
11
11
11
11
11
11
11
11
11
24
12
24
12
24
12
24
13
13
13
13
13
13
13
13
11
11
11
11
11
11
11
11
24
13
13
13
13
13
13
18
18
13
13
13
13
13
18
14
13
14
18
18
14
18
18
18
18
18
18
18
18
14
18
18
18
14
18
18
18
15
16
15
16
16
16
16
16
16
16
16
16
16
16
16
16
16
16
16
16
16
16
16
16
16
39
39
17
17
17
17
39
17
17
17
17
39
17
17
39
17
17
39
17
17
15
16
16
16
16
16
36
16
16
18
49
49
49
49
0
19
19
19
19
19
19
19
20
20
20
20
20
24
24
24
24
24
24
24
24
21
24
21
24
24
24
24
24
21
24
22
22
22
22
22
22
22
22
22
22
23
23
23
23
23
23
23
23
23
23
23
23
23
23
24
24
24
24
24
24
24
24
1
1
25
1
25
1
25
1
1
1
1
1
1
1
26
26
26
26
26
26
27
27
27
27
27
27
27
27
27
28
27
27
27
28
27
27
28
27
27
28
27
27
27
27
27
28
27
27
27
27
27
29
27
27
27
27
27
30
27
27
30
41
32
32
41
41
41
41
32
32
41
41
32
41
33
33
33
33
33
33
33
33
33
33
33
33
33
33
33
33
36
41
36
36
36
36
36
36
38
38
38
38
38
38
38
38
38
40
40
2
49
