0
5
121
0
64
121
94
94
94
94
94
94
94
2
2
2
2
2
2
94
3
7
3
3
3
3
3
3
3
66
121
121
121
121
121
121
121
121
5
5
6
6
6
6
6
6
6
6
7
7
7
7
7
7
7
7
7
7
121
121
121
121
8
8
58
8
8
8
8
8
8
8
58
8
8
61
61
61
61
61
61
61
9
9
9
9
10
11
11
11
11
11
11
11
11
11
11
67
67
67
67
13
13
13
13
15
13
13
13
13
121
121
121
121
121
121
121
121
121
121
18
18
18
18
18
18
18
18
18
18
18
18
76
76
76
20
20
20
20
20
21
12
21
21
21
21
21
21
21
21
21
21
21
21
67
66
13
67
67
67
67
22
67
22
22
22
22
121
121
94
121
121
23
94
0
67
3
121
21
80
64
121
121
121
57
57
57
57
57
121
121
121
25
121
94
67
16
26
94
121
121
121
121
121
121
121
121
121
121
121
121
121
121
121
121
121
30
30
30
30
30
30
30
30
32
32
32
32
32
32
32
32
32
121
121
121
121
121
121
121
35
35
35
35
35
35
35
35
27
35
35
35
35
35
35
35
37
37
37
37
37
37
121
37
37
37
37
121
121
121
121
0
0
121
0
121
121
121
121
121
121
0
0
20
20
20
20
121
20
0
0
0
0
0
10
10
10
44
44
44
44
45
46
46
46
46
46
46
47
47
47
47
47
47
48
48
48
48
48
48
48
121
49
7
24
121
53
60
53
53
53
67
66
121
121
121
121
121
52
52
52
52
91
0
64
54
54
54
54
54
121
83
62
62
0
121
121
121
0
64
64
76
121
64
25
57
57
57
57
57
57
57
8
27
121
