9
1
1
4
4
4
4
4
4
4
4
4
4
4
4
4
4
4
4
4
4
4
4
4
4
4
19
19
19
19
19
19
19
19
25
19
25
25
19
19
3
26
3
3
26
26
26
26
3
26
26
3
26
3
6
6
6
6
6
11
11
6
6
6
6
16
16
16
16
16
16
16
21
28
28
16
16
16
21
28
21
28
28
28
28
28
28
28
28
28
28
28
28
28
28
29
30
28
28
29
28
23
23
23
23
23
23
23
23
23
23
23
23
23
23
23
23
23
23
23
23
23
23
23
23
23
24
24
24
24
24
24
24
24
24
24
24
24
24
24
24
24
24
24
24
24
46
25
46
46
25
25
46
46
46
4
4
4
46
46
26
26
26
26
26
1
0
1
1
1
1
1
1
1
1
1
1
35
1
35
1
1
1
1
38
34
36
38
36
38
36
38
36
36
38
38
38
38
38
38
38
38
38
38
38
38
38
38
38
38
38
38
38
38
38
38
38
38
38
38
38
38
38
38
38
38
38
38
38
39
38
39
19
39
38
38
39
38
38
38
38
19
39
38
39
38
38
39
38
39
39
39
3
38
40
40
40
40
40
40
40
40
40
40
40
40
40
40
40
40
40
40
40
40
40
40
40
40
40
40
40
40
40
40
40
42
42
42
42
42
42
32
42
42
42
42
42
42
42
42
40
42
42
42
43
42
42
1
1
1
1
1
1
1
1
1
9
1
9
37
5
1
1
5
39
1
39
1
1
39
1
38
1
1
1
1
38
5
1
1
1
1
5
1
5
1
1
1
5
1
1
1
1
1
1
1
5
1
1
1
1
1
5
5
5
1
1
1
1
1
5
5
1
1
1
1
1
1
1
1
1
1
1
5
1
1
5
1
5
1
5
1
1
5
5
5
46
