130
130
130
130
130
130
130
130
130
130
130
130
130
130
130
130
130
130
130
130
130
130
130
130
130
130
130
130
130
130
130
130
130
130
130
130
130
130
130
130
130
130
130
130
130
0
70
130
130
130
130
130
130
130
130
0
130
130
130
130
130
130
130
11
130
57
0
130
0
0
0
7
7
0
130
0
0
0
0
0
46
130
0
57
86
0
130
0
130
130
0
130
130
35
84
130
11
0
130
130
0
130
102
57
48
0
93
0
130
0
46
46
93
130
130
130
128
130
93
46
130
0
35
57
130
93
0
35
51
130
130
130
37
0
0
0
46
93
0
0
130
57
101
0
130
0
130
11
130
93
0
43
130
26
7
0
93
0
25
0
93
130
130
0
0
0
130
130
93
130
69
0
0
0
130
35
0
0
130
130
11
128
0
130
46
0
69
0
130
37
130
65
130
130
30
130
0
97
93
46
0
0
130
57
130
130
130
57
0
0
0
0
130
130
130
0
130
0
130
0
130
0
130
57
0
57
93
0
130
46
0
115
130
130
0
0
0
0
130
0
0
0
130
130
130
0
130
130
130
130
130
130
130
130
130
130
130
130
130
130
130
130
130
130
130
130
130
130
130
130
130
130
130
130
130
130
130
130
130
130
130
130
130
130
130
0
130
130
130
130
130
130
130
130
130
130
130
130
130
130
130
130
0
130
130
130
130
130
130
130
130
130
130
130
130
130
130
130
130
130
130
130
130
130
130
130
36
130
130
36
130
130
130
130
0
130
130
130
130
130
130
130
130
130
130
130
130
130
130
130
130
36
130
130
0
130
130
130
130
130
130
130
102
0
130
130
130
130
130
130
130
130
130
130
130
130
130
130
130
130
130
130
130
130
130
130
130
130
130
130
130
130
130
130
130
130
130
130
130
130
130
130
130
130
130
57
130
130
0
130
130
45
130
11
0
130
57
130
57
57
85
85
130
19
130
130
130
130
93
130
26
130
0
130
130
0
130
130
93
130
130
130
130
130
130
130
130
130
130
130
130
130
130
130
130
130
130
130
130
130
130
130
130
130
130
130
130
130
130
130
130
130
130
130
130
130
130
130
130
130
130
130
130
130
130
130
130
130
130
0
130
130
57
130
46
0
130
130
57
130
130
0
57
0
130
130
130
0
130
130
130
130
130
130
57
130
130
30
130
130
130
130
130
130
130
57
0
0
19
130
130
130
13
104
130
130
130
130
130
0
130
130
130
26
130
130
130
130
130
130
0
57
0
130
130
130
130
130
130
130
130
130
130
130
130
130
130
130
130
130
130
130
130
130
130
130
130
130
130
130
130
130
130
130
130
130
130
130
130
130
130
130
130
130
130
130
130
130
130
130
130
130
130
130
130
130
130
130
130
130
130
130
130
130
130
130
130
130
130
130
130
130
130
130
130
130
130
130
130
130
130
130
130
130
130
130
130
130
130
130
130
130
130
130
130
130
130
130
130
130
130
130
130
130
130
130
130
130
130
130
130
130
130
130
130
130
130
130
130
130
130
130
130
130
130
130
130
130
130
130
130
130
130
130
130
130
130
130
130
130
130
130
130
130
130
130
130
130
130
130
130
130
130
130
130
130
130
130
130
130
130
130
130
130
130
130
130
130
130
130
130
130
130
130
130
130
130
130
130
130
130
130
130
130
130
130
130
130
130
130
130
130
130
130
130
130
130
130
130
130
130
130
130
130
130
130
130
130
130
130
130
130
130
130
130
130
130
130
130
130
130
130
130
130
130
130
130
130
130
130
130
130
130
130
130
130
130
130
130
130
130
130
130
130
130
130
130
130
130
130
130
130
130
130
130
130
130
130
130
130
130
130
130
130
130
130
130
130
130
130
130
130
130
130
130
130
130
130
130
130
130
130
130
130
130
130
130
130
130
130
130
130
130
130
130
130
130
130
130
130
130
130
130
130
130
130
130
130
130
130
130
130
130
130
130
130
130
130
130
130
130
130
130
130
130
130
93
130
53
130
