56
19
28
37
8
8
8
8
8
8
8
8
8
8
8
8
37
28
28
28
28
28
28
28
28
28
28
28
28
28
28
28
28
28
28
28
28
28
28
28
28
28
28
28
5
5
5
5
5
5
5
5
28
28
54
54
28
28
28
28
28
5
5
5
5
5
5
5
5
5
5
5
5
5
5
5
5
5
5
5
5
5
5
5
5
7
5
7
5
5
5
5
7
5
28
13
28
28
28
28
0
28
0
0
22
28
28
28
28
28
28
28
28
49
13
28
28
13
28
28
0
28
28
37
37
37
28
28
28
13
28
28
14
28
7
14
28
28
28
28
17
16
16
16
16
16
16
17
28
17
17
17
17
28
17
17
0
0
0
28
22
13
28
28
28
28
28
28
22
22
22
28
28
28
28
28
22
28
22
8
22
23
23
23
28
28
28
28
28
28
28
28
28
28
28
28
28
0
28
28
28
28
28
28
37
37
37
37
37
37
37
37
37
37
37
28
34
28
28
28
36
36
36
36
36
36
36
4
36
37
37
37
38
38
28
39
39
39
39
41
35
35
35
41
41
41
41
41
28
28
28
28
28
28
28
28
28
28
28
28
28
46
28
47
47
47
47
47
47
47
47
47
0
0
50
0
0
28
0
32
0
37
0
52
52
52
28
28
28
28
28
28
28
28
28
28
28
28
28
54
54
54
55
5
28
55
55
55
55
55
55
55
55
19
8
28
