81
0
111
0
103
63
103
41
0
0
0
0
111
0
43
43
43
111
111
60
111
0
103
0
43
0
0
111
78
0
103
0
0
0
0
0
103
14
111
111
26
111
111
111
111
111
111
111
111
111
111
111
111
111
111
111
111
111
111
111
111
111
3
111
111
111
111
111
111
0
111
111
111
111
111
111
111
111
111
111
111
111
111
111
111
111
111
111
111
111
111
111
111
111
111
111
111
111
111
111
111
111
111
111
111
111
111
111
111
111
111
111
111
111
111
111
111
111
111
109
111
111
111
11
111
111
111
111
111
111
111
111
111
111
111
111
111
111
111
111
111
111
6
111
111
111
111
111
111
111
111
111
111
111
111
111
111
111
111
111
111
111
111
111
111
111
111
111
111
111
111
111
81
111
111
111
111
111
111
111
111
111
111
111
111
111
111
111
111
111
111
111
111
111
111
111
111
111
111
111
111
111
111
111
111
111
111
111
111
111
81
81
111
111
0
111
111
111
111
111
111
111
111
111
111
111
111
111
111
111
111
111
111
111
111
111
111
111
111
111
111
111
111
111
111
111
111
111
111
111
111
111
111
111
111
111
111
111
111
111
111
111
111
111
111
45
111
111
111
111
111
111
111
111
111
111
111
111
111
111
111
111
111
111
111
111
111
111
111
111
111
111
111
111
111
111
111
111
111
111
111
111
111
111
111
111
111
111
111
111
111
111
111
111
111
111
111
111
111
111
111
111
111
111
111
111
111
111
111
111
111
111
111
111
109
111
0
14
111
111
111
111
111
101
102
0
111
102
111
111
111
111
111
111
111
111
111
111
111
111
111
111
111
45
111
111
111
111
111
111
0
111
111
111
111
111
111
111
111
111
111
111
111
111
111
111
111
111
111
111
111
111
111
111
111
0
111
111
111
111
111
111
111
73
111
111
111
111
111
111
111
111
0
111
111
111
111
111
111
111
111
111
111
45
111
45
111
45
111
111
111
111
15
25
111
80
73
111
111
111
111
111
111
111
111
111
111
111
111
111
15
111
111
111
111
111
111
111
111
111
111
61
111
111
111
111
111
111
111
111
111
111
111
111
111
111
111
111
111
111
111
111
111
111
111
111
111
111
111
111
111
111
111
111
111
111
111
111
111
111
111
111
111
62
111
111
111
111
111
111
111
111
111
111
111
111
111
111
111
111
111
111
111
111
111
111
45
111
111
111
111
111
111
111
111
111
111
111
111
111
111
111
0
111
111
111
111
111
111
111
101
111
111
111
111
111
111
111
111
111
111
111
111
111
111
47
111
