0
12
0
22
22
22
22
22
22
22
22
22
22
22
22
22
22
22
22
22
22
22
22
22
22
22
22
22
22
22
22
22
22
22
22
22
22
22
22
22
22
22
22
22
22
22
22
2
2
2
2
2
2
2
2
2
2
2
2
2
2
3
3
3
3
3
3
3
3
3
3
3
3
3
4
4
22
22
22
22
22
22
22
22
22
22
22
22
22
3
3
4
4
4
4
4
4
4
4
5
5
5
6
6
6
6
6
6
9
19
6
6
6
6
6
6
6
6
6
22
22
22
22
22
22
22
8
8
8
8
8
8
8
8
9
9
9
9
9
9
9
9
9
9
9
9
9
9
9
9
9
9
9
9
9
9
9
17
17
17
17
17
17
17
22
22
22
22
22
22
22
22
22
22
13
13
13
13
13
13
13
13
13
13
13
13
13
13
13
14
14
14
14
14
14
14
9
19
19
19
19
19
19
19
19
34
19
19
19
19
19
34
19
22
22
22
2
18
18
18
18
18
22
22
22
22
22
22
18
7
7
18
22
22
22
22
22
22
22
22
22
22
19
19
19
19
19
19
19
24
24
50
26
24
26
5
51
26
26
24
24
24
24
24
22
51
24
24
51
24
8
8
8
27
8
8
22
22
22
22
22
22
22
22
22
22
22
22
22
22
22
22
22
22
22
22
22
22
22
22
22
22
22
22
22
22
22
11
22
