6
6
6
6
6
6
6
6
6
6
6
6
6
6
6
6
6
6
6
6
6
6
6
6
6
6
6
6
6
6
6
6
6
6
6
6
6
6
6
6
6
6
6
6
6
6
6
6
6
6
6
6
6
6
6
6
0
0
6
6
6
6
6
6
6
6
0
6
6
6
6
6
6
6
6
6
6
6
6
6
6
6
0
6
54
54
97
83
6
6
6
6
6
0
54
0
41
63
0
54
6
6
6
6
6
54
6
6
87
6
6
6
6
38
6
6
6
6
6
0
43
54
54
0
6
6
6
6
67
6
67
54
0
6
0
6
6
6
6
6
0
0
6
0
0
0
6
67
0
0
6
0
6
6
6
6
6
6
95
0
97
6
6
6
0
6
0
0
0
6
0
6
0
62
6
6
6
6
6
6
6
6
6
6
0
54
0
54
0
68
54
6
6
0
0
54
6
54
0
6
6
54
6
83
6
54
6
6
87
6
6
0
6
84
0
6
6
0
0
0
54
0
0
54
0
0
54
0
87
0
87
0
0
24
6
6
0
0
54
0
0
0
6
0
6
0
6
6
0
6
6
6
83
6
6
6
6
6
6
6
6
6
6
6
6
6
6
54
0
6
54
54
54
6
0
6
6
6
6
6
6
6
6
6
6
6
6
6
6
6
6
6
6
6
6
6
6
6
6
6
6
6
0
0
6
24
0
0
0
6
6
6
0
0
6
6
6
83
0
83
6
6
6
6
6
6
6
6
6
6
6
6
6
6
6
6
40
6
6
20
0
0
0
87
6
6
6
6
55
13
0
6
54
6
0
6
97
0
6
6
6
0
0
6
0
0
0
0
0
6
6
6
54
87
0
6
6
6
6
6
6
93
6
6
0
0
83
6
73
67
73
0
63
6
49
6
6
6
54
6
6
6
6
43
6
6
6
6
6
6
6
6
63
6
6
6
73
6
83
6
6
6
87
6
6
6
6
6
6
6
6
6
6
6
6
6
6
97
6
6
6
6
6
6
6
6
6
6
6
6
6
6
6
6
6
6
6
73
6
6
6
6
6
6
6
6
6
6
6
6
43
0
6
6
6
6
6
6
6
63
0
6
74
6
6
13
6
6
6
6
6
6
6
6
6
6
6
6
6
6
6
6
6
6
6
6
6
6
6
6
6
9
6
0
6
83
6
6
6
6
6
0
97
6
73
43
0
6
6
87
20
74
63
73
6
43
6
73
83
6
6
0
73
73
6
73
83
73
0
6
54
6
0
0
6
6
0
0
85
8
0
6
0
0
6
43
54
49
73
83
6
83
6
6
0
49
13
0
0
0
83
74
63
0
73
6
20
43
6
0
6
6
6
6
6
6
6
6
6
6
6
6
6
6
6
6
6
6
6
6
6
6
6
6
6
6
6
6
6
6
6
6
6
6
6
6
6
6
6
6
6
6
6
6
6
0
0
73
83
6
43
83
6
0
6
43
6
6
6
6
6
6
6
6
6
6
6
6
6
6
6
6
6
0
0
6
6
6
6
6
6
6
6
6
6
6
6
6
6
6
6
6
6
6
6
6
6
6
6
0
24
73
0
6
54
34
6
67
6
74
6
6
6
6
6
6
6
6
6
