0
5
58
94
94
59
59
8
60
60
60
60
61
62
62
65
65
65
65
65
65
66
66
54
58
58
0
69
69
69
121
121
94
121
121
94
72
72
72
121
121
121
121
121
121
121
121
121
121
121
80
10
10
67
10
16
16
10
16
74
74
61
61
75
75
75
75
75
75
75
75
75
75
75
75
75
45
76
64
80
76
77
77
77
77
77
77
77
77
77
77
77
78
78
78
78
78
65
65
65
64
64
65
65
65
65
121
80
61
61
61
61
61
61
61
81
81
81
81
81
82
82
82
81
81
53
81
81
80
81
81
87
88
88
94
88
88
88
88
88
94
88
88
88
88
88
81
81
89
89
89
89
89
89
89
89
89
89
89
89
89
89
54
90
54
121
121
121
121
121
121
90
121
121
121
91
0
0
0
92
92
92
92
92
47
47
47
93
94
39
66
81
81
69
69
97
98
98
98
100
100
100
100
120
100
100
100
100
99
99
99
99
100
100
100
100
100
100
100
101
101
117
117
117
121
121
121
121
121
121
121
121
0
121
111
121
121
121
121
121
121
121
121
107
107
107
107
107
107
107
106
106
107
107
108
108
108
108
108
121
108
108
121
121
54
53
111
110
110
110
110
110
10
10
10
10
112
10
121
10
10
10
121
61
10
121
117
117
117
117
117
117
117
117
117
118
118
118
118
118
118
118
118
118
60
38
121
