28
28
28
0
0
0
0
0
0
28
28
28
28
28
0
14
28
28
28
28
28
28
28
28
28
28
28
28
28
28
28
28
28
28
28
28
28
28
28
28
28
28
28
28
28
28
28
28
0
28
28
28
28
0
28
28
0
0
28
0
28
28
28
28
28
28
28
28
6
6
28
28
6
28
28
28
0
28
28
28
0
28
28
0
28
28
28
28
28
28
0
28
28
28
0
0
28
0
28
28
28
0
0
28
28
0
0
28
28
28
28
0
28
28
28
28
28
28
28
0
0
0
28
28
0
28
0
28
28
28
28
28
28
28
28
28
28
28
28
28
28
28
28
28
28
28
28
28
28
28
28
28
28
28
28
28
28
28
28
28
28
28
28
28
28
28
28
28
28
28
28
28
28
28
28
28
28
28
28
28
28
28
28
28
28
28
28
28
28
28
28
28
28
28
28
28
28
28
28
28
28
28
28
28
